speed 4 (in cm) (note [  _____          ] ->) (note  train gets stuck on D9 and needs push)
15.2
14.7
15.0
15.1
14.8
14.8
16.4   ??? (decaccelated from higher speed than accelrated from 0)
14.8
15.0
14.8
15.0
decelrated from 14
16.4
decelrated from 14
16.4
decelrated from 8
16.3

speed 5 (does not have problem clearing wide track)
16.6
16.8
17.0
16.8
16.8
16.7
16.9
16.5
16.9
17.0


speed 6
20.1
19.8
20.1
19.9
19.8
19.7
19.7
20.0
20.2
19.9

speed 7
25.5
25.9
25.5
25.3
25.5
25.3
25.4
25.0
24.7
24.8

speed 8
31.2
31.8
31.6
31.8
31.8
31.3
31.0
32.8
31.4
31.8
31.3
31.5

speed 9
43.1
41.2
42.2
42.0
41.9
41.6
42.0
41.4
42.8
43.3

speed 10
53.4
53.7
52.4
53.3
52.7
52.1
52.4
52.4
54.2
52.8

speed 11
36.4
39.1
38.2
36.7
39.3
35.7
37.0
38.8
39.0
37.3


speed 12
86.2
83.7
84.3
86.5
87.5
86.6
87.0
85.5
86.6
87.2

speed 13
101.6
102.1
99.3
103.7
101.6
101.1
98.3
102.2
100.1
99.2

speed 14
128.6
128.8
128.8
132.6
133.3
128.4
128.3
132.4
129
